,Unnamed: 0,annotator,label,stars,sentence1,H_yb,H_yx,correct_yx,predicted_label,PVI
0,0,gj04,1,,The sailors rode the breeze clear of the rocks.,0.49255411473051036,0.10826950159147501,True,1,0.38428461313903534
1,1,gj04,1,,The weights made the rope stretch over the pulley.,0.49255411473051036,0.04705884334084096,True,1,0.4454952713896694
2,2,gj04,1,,The mechanical doll wriggled itself loose.,0.49255411473051036,0.05675519790311423,True,1,0.43579891682739613
3,3,cj99,1,,"If you had eaten more, you would want less.",0.49255411473051036,0.032525519221503714,True,1,0.46002859550900665
4,4,cj99,0,*,"As you eat the most, you want the least.",1.7896893929047437,4.4313941568754665,False,1,-2.641704763970723
5,5,cj99,0,*,"The more you would want, the less you would eat.",1.7896893929047437,4.3338913133681345,False,1,-2.544201920463391
6,6,cj99,0,*,"I demand that the more John eat, the more he pays.",1.7896893929047437,1.0127113500557756,False,1,0.7769780428489681
7,7,cj99,1,,"Mary listens to the Grateful Dead, she gets depressed.",0.49255411473051036,0.05596761112447725,True,1,0.4365865036060331
8,8,cj99,1,,"The angrier Mary got, the more she looked at pictures.",0.49255411473051036,0.1440749620157436,True,1,0.34847915271476676
9,9,cj99,1,,"The higher the stakes, the lower his expectations are.",0.49255411473051036,0.08494434481632265,True,1,0.40760976991418774
10,10,cj99,1,,"The more Fred is obnoxious, the less attention you should pay to him.",0.49255411473051036,0.08084233573117786,True,1,0.41171177899933253
11,11,cj99,1,,John was lots more obnoxious than Fred.,0.49255411473051036,0.07378545623909166,True,1,0.4187686584914187
12,12,cj99,1,,"The more people you give beer to, the more people get sick.",0.49255411473051036,0.07874143356750943,True,1,0.41381268116300096
13,13,cj99,0,*,"The more does Bill smoke, the more Susan hates him.",1.7896893929047437,1.8465891416993627,False,1,-0.05689974879461901
14,14,cj99,1,,"The more pictures of him that appear in the news, the more embarrassed John becomes.",0.49255411473051036,0.1012784124513319,True,1,0.39127570227917846
15,15,cj99,1,,"Every senator seems to become more corrupt, as he talks to more lobbyists.",0.49255411473051036,0.09497251400146704,True,1,0.3975816007290433
16,16,bc01,0,*,Who does John visit Sally because he likes?,1.7896893929047437,0.31328832696810655,True,0,1.4764010659366371
17,17,bc01,1,,Marianne did not leave.,0.49255411473051036,0.029451794611207744,True,1,0.46310232011930264
18,18,bc01,1,,He could not have been working.,0.49255411473051036,0.03495926821520028,True,1,0.45759484651531007
19,19,bc01,1,,He can not have been working.,0.49255411473051036,0.03616163629570642,True,1,0.45639247843480396
20,20,bc01,1,,You will believe Bob.,0.49255411473051036,0.03832616665733269,True,1,0.4542279480731777
21,21,bc01,1,,John has not kissed Mary.,0.49255411473051036,0.034002285521716934,True,1,0.45855182920879345
22,22,bc01,1,,I said that never in my life had I seen a place like Bangor.,0.49255411473051036,0.07286984951953526,True,1,0.4196842652109751
23,23,bc01,0,*,Mickey looked up it.,1.7896893929047437,3.053431621978489,False,1,-1.2637422290737452
24,24,bc01,1,,There tended to be a lot of discussion.,0.49255411473051036,0.04146197524625919,True,1,0.4510921394842512
25,25,bc01,1,,John tried to be a good boy.,0.49255411473051036,0.025268499100215152,True,1,0.4672856156302952
26,26,bc01,1,,John is eager.,0.49255411473051036,0.049991136160336944,True,1,0.4425629785701734
27,27,bc01,1,,We want John to win.,0.49255411473051036,0.023763924652747664,True,1,0.4687901900777627
28,28,bc01,0,*,The box contained the ball from the tree.,1.7896893929047437,1.5601863594563496,False,1,0.22950303344839407
29,29,bc01,0,*,The tube was escaped by gas.,1.7896893929047437,4.8305674880467295,False,1,-3.040878095141986
30,30,bc01,1,,Water bubbled up out of the kettle.,0.49255411473051036,0.026507132224107503,True,1,0.46604698250640286
31,31,bc01,1,,The tub leaked water.,0.49255411473051036,0.037177934621843,True,1,0.45537618010866737
32,32,bc01,0,*,What the water did to the bottle was fill it.,1.7896893929047437,3.550455098034203,False,1,-1.7607657051294592
33,33,bc01,0,*,What the water did to the whole bottle was fill it.,1.7896893929047437,3.3111719515264926,False,1,-1.5214825586217489
34,34,bc01,1,,The tank leaked the fluid free.,0.49255411473051036,0.08118288323991063,True,1,0.41137123149059973
35,35,bc01,1,,John lay the ball in the box.,0.49255411473051036,0.03787446205605111,True,1,0.45467965267445926
36,36,bc01,1,,John owns the book.,0.49255411473051036,0.0428942378037548,True,1,0.4496598769267556
37,37,bc01,1,,We persuaded Mary to leave and Sue to stay.,0.49255411473051036,0.0827594173009292,True,1,0.4097946974295812
38,38,bc01,1,,"Most people probably consider, even though the courts didn't actually find, Klaus guilty of murder.",0.49255411473051036,0.3363901059713454,True,1,0.15616400875916497
39,39,bc01,0,*,Mary beautifully plays the violin.,1.7896893929047437,5.88985540959826,False,1,-4.1001660166935165
40,40,bc01,1,,"Clearly, John probably will immediately learn French perfectly.",0.49255411473051036,0.0791249968164196,True,1,0.41342911791409076
41,41,bc01,0,*,Sue gave to Bill a book.,1.7896893929047437,4.317489479293095,False,1,-2.5278000863883516
42,42,bc01,1,,The men will all leave.,0.49255411473051036,0.03817216859011528,True,1,0.45438194614039507
43,43,bc01,1,,John went home.,0.49255411473051036,0.02095699443446254,True,1,0.47159712029604783
44,44,bc01,0,*,They represented seriously to the dean Mary as a genuine linguist.,1.7896893929047437,0.7971515853126453,True,0,0.9925378075920984
45,45,bc01,0,*,Us love they.,1.7896893929047437,0.061314795167319656,True,0,1.728374597737424
46,46,bc01,1,,It is nice to go abroad.,0.49255411473051036,0.020477724878424062,True,1,0.4720763898520863
47,47,bc01,0,*,Mary intended John to go abroad.,1.7896893929047437,1.5727615921763307,False,1,0.216927800728413
48,48,bc01,1,,I remembered having kissed Mary.,0.49255411473051036,0.027065950749429996,True,1,0.4654881639810804
49,49,bc01,1,,"I can't believe Fred won't, either.",0.49255411473051036,0.09451521028762888,True,1,0.3980389044428815
50,50,bc01,1,,"John wants to read Fred's story, and I also want to.",0.49255411473051036,0.039878013841660905,True,1,0.45267610088884946
51,51,bc01,0,*,"We wanted to invite someone, but we couldn't decide who to.",1.7896893929047437,4.456117388574986,False,1,-2.666427995670243
52,52,bc01,1,,"Mary will read Fred's story, and Joe will read Holly's.",0.49255411473051036,0.03531955619205108,True,1,0.4572345585384593
53,53,bc01,1,,"Mary claimed that eating cabbage, Holly shouldn't.",0.49255411473051036,0.17247954877979477,True,1,0.3200745659507156
54,54,bc01,0,*,Mary came to be introduced by the bartender and I also came to be.,1.7896893929047437,0.8248409446117047,True,0,0.9648484482930391
55,55,bc01,1,,"If I can, I will work on it.",0.49255411473051036,0.05797533965723409,True,1,0.43457877507327625
56,56,bc01,1,,"Joe's neuroses bother his patrons, and Sally does too.",0.49255411473051036,0.04192702134370285,True,1,0.4506270933868075
57,57,bc01,0,*,"I know which book José didn't read for class, and which book Lilly did it for him.",1.7896893929047437,2.8930511861512214,False,1,-1.1033617932464777
58,58,bc01,0,*,"This is the book which Bob reviewed, and this is the one which Fred won't do it.",1.7896893929047437,1.707722184763814,False,1,0.08196720814092973
59,59,bc01,1,,"I know which book Mag read, and which book Bob said that you hadn't.",0.49255411473051036,0.3693630353343935,True,1,0.12319107939611684
60,60,bc01,0,?*,"I know which book Mag read, and which book Bob read my report that you hadn't.",1.7896893929047437,0.7240093878979048,True,0,1.065680005006839
61,61,bc01,1,,I'm sure I would like him to eat fruit more than I would cookies.,0.49255411473051036,0.15714625715573027,True,1,0.3354078575747801
62,62,bc01,1,,Rusty talked about himself only after Mary did talk about him.,0.49255411473051036,0.6818778751308725,True,1,-0.18932376040036214
63,63,bc01,1,,Fred talked about everything before Rusty did talk about something.,0.49255411473051036,0.7185882121284787,True,1,-0.22603409739796831
64,64,bc01,1,,John often meets Mary.,0.49255411473051036,0.02935578308189722,True,1,0.4631983316486131
65,65,bc01,0,*,The problem perceives easily.,1.7896893929047437,0.04696094222871668,True,0,1.742728450676027
66,66,bc01,1,,A hundred men surrounded the fort.,0.49255411473051036,0.034066909864241164,True,1,0.4584872048662692
67,67,bc01,1,,We elected me.,0.49255411473051036,0.05560642001039952,True,1,0.43694769472011086
68,68,bc01,0,*,Which report that John was incompetent did he submit?,1.7896893929047437,4.772219999915753,False,1,-2.982530607011009
69,69,bc01,1,,Mary has always preferred lemons to limes.,0.49255411473051036,0.0315635569921198,True,1,0.46099055773839054
70,70,r-67,1,,He let the cats which were whining out.,0.49255411473051036,0.193610567572564,True,1,0.29894354715794635
71,71,r-67,1,,What did Bill buy?,0.49255411473051036,0.025542521162558753,True,1,0.46701159356795163
72,72,r-67,1,,Mary saw the boy walking toward the railroad station.,0.49255411473051036,0.022636566325764485,True,1,0.46991754840474587
73,73,r-67,0,*,A proof that the claim had been made was given that John had lied.,1.7896893929047437,1.3417120159444864,False,1,0.4479773769602573
74,74,r-67,1,,He attributed to a short circuit which was caused by an overloaded transducer the fire which destroyed most of my factory.,0.49255411473051036,0.9328300750215698,True,1,-0.4402759602910594
75,75,r-67,0,?*,The mayor regarded as being absurd the proposal to build a sidewalk from Dartmouth to Smith.,1.7896893929047437,3.9750105279548276,False,1,-2.185321135050084
76,76,r-67,0,?*,I want that Bill left to remain a secret.,1.7896893929047437,0.1316950384568303,True,0,1.6579943544479134
77,77,r-67,0,*,I know a man who Tom drives as drives.,1.7896893929047437,0.250774715305669,True,0,1.5389146775990747
78,78,r-67,0,*,"Drowning cats, which is against the law, are hard to rescue.",1.7896893929047437,4.842852011981319,False,1,-3.0531626190765753
79,79,r-67,1,,Muriel said nothing else than that she had been insulted.,0.49255411473051036,0.11415758914845846,True,1,0.3783965255820519
80,80,r-67,0,*,Himself is understood by Rutherford.,1.7896893929047437,0.06193986341061089,True,0,1.7277495294941327
81,81,r-67,1,,I feel that Arch will show up.,0.49255411473051036,0.02642874499341421,True,1,0.4661253697370962
82,82,r-67,0,*,The proof this set is recursive is difficult.,1.7896893929047437,4.167647106161902,False,1,-2.3779577132571585
83,83,r-67,0,*,The madrigals which Henry plays the lute and sings sound lousy.,1.7896893929047437,2.7128755257400345,False,1,-0.9231861328352908
84,84,r-67,1,,"Tom picked these grapes, and I washed some turnips, and Suzie will prepare these grapes.",0.49255411473051036,0.04537563837289986,True,1,0.4471784763576105
85,85,r-67,1,,Where did you go and who ate what?,0.49255411473051036,0.057860762067234464,True,1,0.4346933526632759
86,86,r-67,0,*,Which boy's did we elect guardian's employer president?,1.7896893929047437,0.4320048281781724,True,0,1.3576845647265714
87,87,r-67,1,,How sane is Peter?,0.49255411473051036,0.022659889287528722,True,1,0.46989422544298165
88,88,r-67,1,,I live at the place where Route 150 crosses the River and my dad lives at the place where Route 150 crosses the Hudson River too.,0.49255411473051036,0.051902217279799316,True,1,0.44065189745071104
89,89,r-67,0,*,I live at the place where Route 150 crosses the Hudson River and my dad lives at it too.,1.7896893929047437,1.7933307898807391,False,1,-0.0036413969759954146
90,90,r-67,1,,Who is she trying to make up to now?,0.49255411473051036,0.08040849060223008,True,1,0.41214562412828026
91,91,r-67,0,*,Wind was gotten of a plot to negotiate an honorable end to the war in Vietnam.,1.7896893929047437,0.11509540913458219,True,0,1.6745939837701616
92,92,r-67,1,,Mike talked about politics yesterday to my friends.,0.49255411473051036,0.030450201650169286,True,1,0.4621039130803411
93,93,r-67,1,,It was expected by the reporters that the principal would fire some teacher.,0.49255411473051036,0.027474930365644176,True,1,0.46507918436486617
94,94,r-67,0,*,Which hat did Mike quip that she never wore?,1.7896893929047437,4.109759569503822,False,1,-2.3200701765990788
95,95,r-67,0,*,Which girl did Mike quip never wore this hat?,1.7896893929047437,0.24218295345721513,True,0,1.5475064394475286
96,96,r-67,1,,We donated wire for the convicts to build cages with.,0.49255411473051036,0.10822306313814521,True,1,0.38433105159236514
97,97,r-67,0,*,I won't have some money.,1.7896893929047437,3.007281429505195,False,1,-1.2175920366004511
98,98,r-67,1,,Do you believe the claim that somebody was looking for something?,0.49255411473051036,0.055839606304272094,True,1,0.43671450842623827
99,99,r-67,1,,I won't ask you to believe that he tried to force me to give her any money.,0.49255411473051036,0.13146329951138597,True,1,0.3610908152191244
100,100,r-67,1,,That Sam sometimes didn't sleep must have pleased somebody.,0.49255411473051036,0.03735521184316022,True,1,0.45519890288735015
101,101,r-67,1,,I talked to Winston about himself.,0.49255411473051036,0.34901719935732484,True,1,0.14353691537318553
102,102,r-67,1,,"That the fuzz wanted him worried John, but that the fuzz wanted her didn't worry Mary.",0.49255411473051036,0.10266662829911571,True,1,0.38988748643139465
103,103,r-67,1,,I'll work on it if Sam will be working on it.,0.49255411473051036,0.5149258049256823,True,1,-0.022371690195171934
104,104,r-67,1,,I'll work on it if I can.,0.49255411473051036,0.048164645395606935,True,1,0.4443894693349034
105,105,r-67,0,*,Here's a knife with which for you to cut up the onions.,1.7896893929047437,2.304048011129143,False,1,-0.5143586182243991
106,106,r-67,1,,"Fluffy is sick, which not everybody knows.",0.49255411473051036,0.09801598789269263,True,1,0.39453812683781775
107,107,r-67,1,,Maxwell is quite a doctor.,0.49255411473051036,0.053532640450581766,True,1,0.4390214742799286
108,108,r-67,0,*,"The younger woman might have been tall and, and the older one definitely was, blond.",1.7896893929047437,2.20720176388384,False,1,-0.41751237097909644
109,109,r-67,1,,"Sally is tall, and may be blond, and Sheila is short, and definitely is, blond.",0.49255411473051036,0.9209799811561731,True,1,-0.4284258664256627
110,110,r-67,1,,I have to try to finish grading some papers.,0.49255411473051036,0.03059072943521857,True,1,0.4619633852952918
111,111,r-67,0,*,The socks are ready for for you to put on to be planned.,1.7896893929047437,0.21743393555906304,True,0,1.5722554573456806
112,112,r-67,1,,It is easy to play sonatas on this violin.,0.49255411473051036,0.02557000500770154,True,1,0.4669841097228088
113,113,r-67,1,,This violin is difficult to play sonatas on.,0.49255411473051036,0.0296395357979366,True,1,0.46291457893257376
114,114,r-67,0,*,My mother is easy to please my father and.,1.7896893929047437,0.46531110420692595,True,0,1.3243782886978177
115,115,r-67,1,,"Poor Bill, it had started to rain and he had no umbrella.",0.49255411473051036,0.03176959381247634,True,1,0.460784520918034
116,116,r-67,0,?*,"That the cops spoke to the janitor about it yesterday is terrible, that robbery.",1.7896893929047437,4.450948625693631,False,1,-2.661259232788887
117,117,r-67,0,*,"Every student, and he wears socks, is a swinger.",1.7896893929047437,0.6337236818786591,True,0,1.1559657110260846
118,118,r-67,1,,That girl was given my binoculars by him.,0.49255411473051036,0.06064856333740805,True,1,0.4319055513931023
119,119,r-67,1,,Bill didn't allege that Roger had eaten anything.,0.49255411473051036,0.10593867303112486,True,1,0.3866154416993855
120,120,r-67,1,,Nobody who hates to eat anything should work in a delicatessen.,0.49255411473051036,0.041802734735927875,True,1,0.4507513799945825
121,121,r-67,1,,Everybody around here who ever buys anything on credit talks in his sleep.,0.49255411473051036,0.12799721898774277,True,1,0.3645568957427676
122,122,r-67,0,*,I can't remember the name of somebody who had misgivings.,1.7896893929047437,4.805579326889232,False,1,-3.0158899339844885
123,123,r-67,0,*,"No writer, and no playwright, meets in Vienna.",1.7896893929047437,1.1381436217719592,False,1,0.6515457711327846
124,124,r-67,0,*,"No writer, nor any playwright, meets in Vienna.",1.7896893929047437,1.2181563646881917,False,1,0.571533028216552
125,125,r-67,1,,That you will marry any student is not certain.,0.49255411473051036,0.061814199803687415,True,1,0.43073991492682295
126,126,rhl07,1,,Felicia kicked the ball off the bench.,0.49255411473051036,0.030127215294098546,True,1,0.4624268994364118
127,127,rhl07,1,,I sent the package halfway around the world.,0.49255411473051036,0.03770356459043169,True,1,0.4548505501400787
128,128,rhl07,0,*,Sam gave the ball out of the basket.,1.7896893929047437,0.2976236288805717,True,0,1.4920657640241721
129,129,rhl07,0,*,Sam offered the ball out of the basket.,1.7896893929047437,0.1329066216200626,True,0,1.6567827712846812
130,130,rhl07,1,,Park Square has a festive air.,0.49255411473051036,0.025402221665864137,True,1,0.4671518930646462
131,131,rhl07,1,,The worker will have a job.,0.49255411473051036,0.040248728518760504,True,1,0.45230538621174987
132,132,rhl07,0,*,No one can forgive that comment to you.,1.7896893929047437,5.173130457583762,False,1,-3.383441064679019
133,133,rhl07,1,,"We launched the rocket to the moon, but it blew up before it got there.",0.49255411473051036,0.02485480777056527,True,1,0.4676993069599451
134,134,rhl07,1,,"Sarah promised Catherine her old car, but then gave it to her son instead.",0.49255411473051036,0.0349815578168729,True,1,0.45757255691363746
135,135,rhl07,0,*,I lent the book partway to Tony.,1.7896893929047437,0.07161626635021652,True,0,1.7180731265545273
136,136,l-93,1,,The farmer loaded the cart with apples.,0.49255411473051036,0.027067352667067793,True,1,0.4654867620634426
137,137,l-93,0,*,The farmer dumped the cart with apples.,1.7896893929047437,2.66876347893756,False,1,-0.8790740860328163
138,138,l-93,1,,Martha carved the baby a toy out of wood.,0.49255411473051036,0.04088914965160999,True,1,0.45166496507890036
139,139,l-93,1,,The bread cuts easily.,0.49255411473051036,0.03558994140728884,True,1,0.45696417332322153
140,140,l-93,0,*,Janet broke Bill on the finger.,1.7896893929047437,0.5739039421438463,True,0,1.2157854507608974
141,141,l-93,1,,Janet broke the cup.,0.49255411473051036,0.026424803848458227,True,1,0.4661293108820521
142,142,l-93,1,,The visitor rang the bell.,0.49255411473051036,0.02993098239066973,True,1,0.46262313233984065
143,143,l-93,1,,We pulled free.,0.49255411473051036,0.03088974784502485,True,1,0.4616643668854855
144,144,l-93,1,,That movie always shocks people.,0.49255411473051036,0.02470766445772298,True,1,0.4678464502727874
145,145,l-93,1,,That movie always shocks.,0.49255411473051036,0.03435484913198453,True,1,0.45819926559852586
146,146,l-93,0,*,Sharon came the room.,1.7896893929047437,0.04470820999031978,True,0,1.744981182914424
147,147,l-93,1,,Bill sent a package to Tom.,0.49255411473051036,0.029670696703888732,True,1,0.46288341802662164
148,148,l-93,1,,That acorn will grow into an oak tree.,0.49255411473051036,0.027761293862431237,True,1,0.4647928208680791
149,149,l-93,1,,He turned into a frog.,0.49255411473051036,0.030643957908038633,True,1,0.4619101568224717
150,150,l-93,1,,I mixed the sugar into the butter.,0.49255411473051036,0.03196291193559408,True,1,0.4605912027949163
151,151,l-93,0,*,Brian threw the fence with the stick.,1.7896893929047437,1.857378730122848,False,1,-0.06768933721810422
152,152,l-93,1,,Mira condemned Terry for the accident.,0.49255411473051036,0.061774438527711424,True,1,0.43077967620279894
153,153,l-93,1,,We investigated the area for bombs.,0.49255411473051036,0.26634504951597926,True,1,0.2262090652145311
154,154,l-93,1,,I sensed his eagerness.,0.49255411473051036,0.03272175351500342,True,1,0.45983236121550697
155,155,l-93,0,*,They praised the dedication in the volunteers.,1.7896893929047437,0.13033095183678997,True,0,1.6593584410679538
156,156,l-93,1,,The earth was believed to be round.,0.49255411473051036,0.03142776809350114,True,1,0.46112634663700924
157,157,l-93,1,,Sarah smiled a charming smile.,0.49255411473051036,0.02658631203006064,True,1,0.46596780270044974
158,158,l-93,1,,Sandra beamed a cheerful welcome.,0.49255411473051036,0.07514600599937737,True,1,0.417408108731133
159,159,l-93,1,,You've really lived it up.,0.49255411473051036,0.033007840742511355,True,1,0.459546273987999
160,160,l-93,0,*,Paperback books lift onto the table easily.,1.7896893929047437,4.942083943847394,False,1,-3.1523945509426508
161,161,l-93,0,*,The books lifted onto the table.,1.7896893929047437,4.205684091570044,False,1,-2.4159946986653003
162,162,l-93,1,,Jessica loaded boxes under the wagon.,0.49255411473051036,0.0342010102082772,True,1,0.45835310452223316
163,163,l-93,1,,Jessica loaded boxes on the wagon.,0.49255411473051036,0.034669094313077846,True,1,0.4578850204174325
164,164,l-93,0,*,Jessica crammed boxes at the truck.,1.7896893929047437,0.1248074855604732,True,0,1.6648819073442704
165,165,l-93,0,*,Lora buttered at the toast.,1.7896893929047437,0.049392489961638364,True,0,1.7402969029431055
166,166,l-93,1,,Carla shoveled the walk.,0.49255411473051036,0.035508943909452924,True,1,0.45704517082105744
167,167,l-93,1,,Nora sent the book.,0.49255411473051036,0.05246097374399326,True,1,0.4400931409865171
168,168,l-93,1,,Nora sent Peter the book.,0.49255411473051036,0.03526562622018628,True,1,0.4572884885103241
169,169,l-93,1,,Carla slid the book.,0.49255411473051036,0.09929162624316105,True,1,0.3932624884873493
170,170,l-93,0,*,Carla slid at the book.,1.7896893929047437,0.35981520292444974,True,0,1.429874189980294
171,171,l-93,1,,Amanda carried the package to Pamela.,0.49255411473051036,0.03348240261197034,True,1,0.45907171211854003
172,172,l-93,0,*,Packages drive easily to New York.,1.7896893929047437,0.6398565908703286,True,0,1.149832802034415
173,173,l-93,0,*,The chair pushed.,1.7896893929047437,0.28465243232625786,True,0,1.505036960578486
174,174,l-93,1,,We offered a job to her.,0.49255411473051036,0.033441830401552464,True,1,0.4591122843289579
175,175,l-93,0,*,A job offered.,1.7896893929047437,0.12029355326477541,True,0,1.6693958396399684
176,176,l-93,1,,Brown presented a plaque to Jones.,0.49255411473051036,0.03358713875487478,True,1,0.45896697597563557
177,177,l-93,1,,Carmen bought Mary a dress.,0.49255411473051036,0.025495782322491237,True,1,0.46705833240801914
178,178,l-93,1,,Carmen obtained the spare part at the hardware store.,0.49255411473051036,0.030796451665906593,True,1,0.46175766306460375
179,179,l-93,0,*,Michelle kept the desk with the papers.,1.7896893929047437,1.1565750746403904,False,1,0.6331143182643533
180,180,l-93,1,,Frances hid the presents in the drawer.,0.49255411473051036,0.027643130257520066,True,1,0.4649109844729903
181,181,l-93,1,,The needle poked the cloth.,0.49255411473051036,0.041427726730792695,True,1,0.45112638799971766
182,182,l-93,1,,Carrie touched that cat.,0.49255411473051036,0.03387128483738162,True,1,0.45868282989312875
183,183,l-93,0,*,Herman whipped the sugar and the cream.,1.7896893929047437,2.9018864522876537,False,1,-1.11219705938291
184,184,l-93,1,,Linda taped the picture to the wall.,0.49255411473051036,0.03128443458522446,True,1,0.4612696801452859
185,185,l-93,1,,Linda taped the picture onto the wall.,0.49255411473051036,0.030628937793544954,True,1,0.4619251769369654
186,186,l-93,1,,The child and her mother clung together.,0.49255411473051036,0.054974888062177735,True,1,0.4375792266683326
187,187,l-93,1,,This flyer and that flyer differ.,0.49255411473051036,0.06940377405459502,True,1,0.42315034067591534
188,188,l-93,0,*,This flyer and that flyer differ apart.,1.7896893929047437,3.9050777802670895,False,1,-2.115388387362346
189,189,l-93,0,*,The jeweller scribbled the contract with his name.,1.7896893929047437,3.4564720402489577,False,1,-1.666782647344214
190,190,l-93,1,,The gardener grew that acorn into an oak tree.,0.49255411473051036,0.09440402842004274,True,1,0.3981500863104676
191,191,l-93,0,*,I shaped a loaf.,1.7896893929047437,1.4202757286354621,False,1,0.36941366426928157
192,192,l-93,0,*,The children amused.,1.7896893929047437,0.43038262360210267,True,0,1.359306769302641
193,193,l-93,1,,Susan whispered the news.,0.49255411473051036,0.021262662079503867,True,1,0.47129145265100647
194,194,l-93,1,,Susan whispered at Rachel.,0.49255411473051036,0.1406041748863809,True,1,0.3519499398441295
195,195,l-93,1,,Ellen said that melons were selling well.,0.49255411473051036,0.021378995099168595,True,1,0.4711751196313418
196,196,l-93,0,*,Ellen said about the present conditions.,1.7896893929047437,0.5846447977577203,True,0,1.2050445951470234
197,197,l-93,1,,Ellen warned Helen against skating on thin ice.,0.49255411473051036,0.020334428555104977,True,1,0.4722196861754054
198,198,l-93,1,,Cynthia nibbled on the carrot .,0.49255411473051036,0.03339474694565288,True,1,0.4591593677848575
199,199,l-93,0,*,Cynthia chewed.,1.7896893929047437,0.5068232599400432,True,0,1.2828661329647004
200,200,l-93,1,,Paul laughed at Mary.,0.49255411473051036,0.10043719954028689,True,1,0.39211691519022346
201,201,l-93,0,*,Linda winked her lip.,1.7896893929047437,5.134044768050296,False,1,-3.344355375145552
202,202,l-93,0,*,My heart is pounding me.,1.7896893929047437,0.1373741813963779,True,0,1.652315211508366
203,203,l-93,1,,Sharon fainted from hunger.,0.49255411473051036,0.020114671220208078,True,1,0.47243944351030226
204,204,l-93,1,,The witch poisoned the children.,0.49255411473051036,0.025848636728887174,True,1,0.4667054780016232
205,205,l-93,1,,A grandfather clock ticked in the hallway.,0.49255411473051036,0.020909095212201155,True,1,0.4716450195183092
206,206,l-93,0,*,I squeaked the door.,1.7896893929047437,5.448393583202218,False,1,-3.658704190297475
207,207,l-93,1,,Over the fire there bubbled a fragrant stew.,0.49255411473051036,0.02514870190891807,True,1,0.4674054128215923
208,208,l-93,1,,Soaring temperatures are predicted for this weekend.,0.49255411473051036,0.019427883750473125,True,1,0.47312623098003725
209,209,l-93,0,*,The fort fluttered with many flags.,1.7896893929047437,3.8916448040189713,False,1,-2.1019554111142273
210,210,l-93,1,,The voices echoed in the hall.,0.49255411473051036,0.030120542058984304,True,1,0.46243357267152607
211,211,l-93,1,,The stream twists through the valley.,0.49255411473051036,0.02576512034878436,True,1,0.466788994381726
212,212,l-93,0,*,There presented itself a wonderful opportunity yesterday.,1.7896893929047437,2.285168091543453,False,1,-0.4954786986387092
213,213,l-93,1,,A wonderful opportunity presented itself to him yesterday.,0.49255411473051036,0.01856807326159487,True,1,0.4739860414689155
214,214,l-93,1,,Out of the box jumped a little white rabbit.,0.49255411473051036,0.045988244349277355,True,1,0.446565870381233
215,215,l-93,1,,Penny skated around the rink.,0.49255411473051036,0.020801960267655944,True,1,0.4717521544628544
216,216,l-93,1,,Jackie accompanied Rose.,0.49255411473051036,0.03567041458904194,True,1,0.4568837001414684
217,217,ks08,0,*,many information was provided.,1.7896893929047437,0.40278182183383365,True,0,1.38690757107091
218,218,ks08,0,*,John offers many advice.,1.7896893929047437,1.8211254730113726,False,1,-0.031436080106628905
219,219,ks08,1,,The cake that Jones got was more delicious than the one that Smith got.,0.49255411473051036,0.0736285313783316,True,1,0.4189255833521788
220,220,ks08,1,,We recommend to eat less cake and pastry.,0.49255411473051036,0.40735511644087424,True,1,0.08519899828963612
221,221,ks08,1,,I saw that gas can explode.,0.49255411473051036,0.04341442237743755,True,1,0.44913969235307283
222,222,ks08,1,,He washed her.,0.49255411473051036,0.30748867845330774,True,1,0.18506543627720262
223,223,ks08,0,*,Wash you!,1.7896893929047437,3.929828271140099,False,1,-2.140138878235355
224,224,ks08,0,*,They have no in.,1.7896893929047437,0.6672453902548638,True,0,1.1224440026498799
225,225,ks08,0,*,Some my jobs are in jeopardy.,1.7896893929047437,3.2525677989861057,False,1,-1.462878406081362
226,226,ks08,0,*,It was the policeman met that several young students in the park last night.,1.7896893929047437,0.2324055227185354,True,0,1.5572838701862084
227,227,ks08,1,,did the policeman meet in the park?,0.49255411473051036,0.8131609428357021,True,1,-0.3206068281051917
228,228,ks08,1,,John put old books in the box.,0.49255411473051036,0.03181249255110353,True,1,0.46074162217940684
229,229,ks08,0,*,The monkeys proud of their leader.,1.7896893929047437,0.37484143915782386,True,0,1.4148479537469199
230,230,ks08,0,*,John sounded very.,1.7896893929047437,1.0564192942832202,False,1,0.7332700986215235
231,231,ks08,1,,I don't know if I should agree.,0.49255411473051036,0.029617328577118688,True,1,0.4629367861533917
232,232,ks08,1,,John bought a book on the table.,0.49255411473051036,1.226762275547249,False,0,-0.7342081608167386
233,233,ks08,1,,John called the president a fool.,0.49255411473051036,0.0329339382381478,True,1,0.45962017649236253
234,234,ks08,1,,I forgot how good beer tastes.,0.49255411473051036,0.03512058927137724,True,1,0.45743352545913313
235,235,ks08,1,,This teacher is a genius.,0.49255411473051036,0.029207653512405396,True,1,0.46334646121810497
236,236,ks08,0,*,A good friend is remained to me by him.,1.7896893929047437,0.0602776808002166,True,0,1.7294117121045272
237,237,ks08,1,,John ate his noodle quietly.,0.49255411473051036,0.022223017620904822,True,1,0.4703310971096055
238,238,ks08,1,,A smith hammered the metal.,0.49255411473051036,0.0332691692425707,True,1,0.45928494548793963
239,239,ks08,1,,Sandy removed her ballet shoes.,0.49255411473051036,0.030407343399731845,True,1,0.4621467713307785
240,240,ks08,1,,This week will be a difficult one for us.,0.49255411473051036,0.01551078590982414,True,1,0.47704332882068623
241,241,ks08,1,,Benny worked in a shoe factory when he was a student.,0.49255411473051036,0.021971802088693503,True,1,0.4705823126418169
242,242,ks08,1,,Everyone hoped that she would sing.,0.49255411473051036,0.028136097810228265,True,1,0.4644180169202821
243,243,ks08,1,,This proved a decisive factor.,0.49255411473051036,0.048225906114445,True,1,0.44432820861606537
244,244,ks08,1,,The crocodile devoured the doughnut.,0.49255411473051036,0.02795258513808668,True,1,0.4646015295924237
245,245,ks08,1,,John is afraid of Bill.,0.49255411473051036,0.02236073757205908,True,1,0.4701933771584513
246,246,ks08,0,*,John put under the bathtub.,1.7896893929047437,0.11686153911640829,True,0,1.6728278537883354
247,247,ks08,1,,John placed Kim behind the garage.,0.49255411473051036,0.03104121324735425,True,1,0.4615129014831561
248,248,ks08,0,*,Kim depends for Sandy.,1.7896893929047437,0.05638674547979234,True,0,1.7333026474249513
249,249,ks08,1,,John put the book in the box.,0.49255411473051036,0.025494907077757124,True,1,0.4670592076527532
250,250,ks08,1,,John taught English Syntax to new students.,0.49255411473051036,0.02388710398074314,True,1,0.46866701074976724
251,251,ks08,1,,John regards Bill as a good friend.,0.49255411473051036,0.026336525022983243,True,1,0.46621758970752714
252,252,ks08,0,*,Kim put in the box.,1.7896893929047437,0.10072209833571895,True,0,1.6889672945690248
253,253,ks08,1,,The chickens seem fond of the farmer.,0.49255411473051036,0.2983177793744578,True,1,0.19423633535605256
254,254,ks08,1,,The rules require that the executives be polite.,0.49255411473051036,0.024712913069269603,True,1,0.46784120166124077
255,255,ks08,0,*,That Fred was unpopular nominated Bill.,1.7896893929047437,0.8351463062326773,True,0,0.9545430866720664
256,256,ks08,1,,They were taking a hard look at possible FTA.,0.49255411473051036,1.5091384759116395,False,0,-1.0165843611811292
257,257,ks08,0,*,John paid me against the book.,1.7896893929047437,0.2870118072046808,True,0,1.502677585700063
258,258,ks08,1,,The committee will study the feasibility of setting up a national computer network.,0.49255411473051036,0.02885143257783721,True,1,0.46370268215267313
259,259,ks08,1,,We made them be rude.,0.49255411473051036,0.045243778384376106,True,1,0.44731033634613426
260,260,ks08,1,,"After reading the pamphlet, Judy threw it into the garbage can.",0.49255411473051036,0.02530411639980811,True,1,0.46724999833070224
261,261,ks08,0,*,Students studying English reads Conrad's Heart of Darkness while at university.,1.7896893929047437,1.1559560217225,False,1,0.6337333711822437
262,262,ks08,1,,I read some of the book.,0.49255411473051036,0.2844113237870456,True,1,0.20814279094346477
263,263,ks08,1,,Most of the fruit is rotten.,0.49255411473051036,0.036340111443930706,True,1,0.4562140032865797
264,264,ks08,0,*,Neither of students failed.,1.7896893929047437,4.5511932858258,False,1,-2.7615038929210565
265,265,ks08,0,*,I drank some of water.,1.7896893929047437,0.13258315046998578,True,0,1.657106242434758
266,266,ks08,1,,It is a golden hair.,0.49255411473051036,0.701559663044646,True,1,-0.20900554831413565
267,267,ks08,1,,The boy in the doorway waved to his father.,0.49255411473051036,0.03508226177229334,True,1,0.457471852958217
268,268,ks08,1,,"That dog is so ferocious, it even tried to bite itself.",0.49255411473051036,0.5349471961460972,True,1,-0.04239308141558684
269,269,ks08,0,*,He washed yourself.,1.7896893929047437,0.6319261524647655,True,0,1.1577632404399782
270,270,ks08,0,*,John is easy to please Kim.,1.7896893929047437,1.853703866411295,False,1,-0.06401447350655132
271,271,ks08,0,*,There seemed to be intelligent.,1.7896893929047437,0.21189604352730787,True,0,1.5777933493774359
272,272,ks08,1,,John tried to please Stephen.,0.49255411473051036,0.02544020533552693,True,1,0.46711390939498343
273,273,ks08,0,*,We believed John to be a fountain in the park.,1.7896893929047437,2.506481788755237,False,1,-0.7167923958504934
274,274,ks08,0,*,It tries to leave the country.,1.7896893929047437,0.07361604328182474,True,0,1.716073349622919
275,275,ks08,1,,John tries to leave the country.,0.49255411473051036,0.024798905540951866,True,1,0.4677552091895585
276,276,ks08,1,,Under the bed seems to be a fun place to hide.,0.49255411473051036,0.05448382806742219,True,1,0.43807028666308817
277,277,ks08,0,*,There is believed to be sheep in the park.,1.7896893929047437,5.247155211747792,False,1,-3.4574658188430485
278,278,ks08,0,*,I hope to would study in France.,1.7896893929047437,0.06771053380233222,True,0,1.7219788591024114
279,279,ks08,1,,John can kick the ball.,0.49255411473051036,0.031757638653581784,True,1,0.4607964760769286
280,280,ks08,0,*,John will rain tomorrow.,1.7896893929047437,0.2065841238719112,True,0,1.5831052690328324
281,281,ks08,0,*,We expect there to will rain.,1.7896893929047437,0.14906817757421606,True,0,1.6406212153305277
282,282,ks08,1,,John was found in the office.,0.49255411473051036,0.027368971872469748,True,1,0.46518514285804063
283,283,ks08,0,*,Did the child be in the school?,1.7896893929047437,5.482586751260147,False,1,-3.6928973583554034
284,284,ks08,1,,It did not rain.,0.49255411473051036,1.5234063094054187,False,0,-1.0308521946749083
285,285,ks08,1,,John wants not to leave the town.,0.49255411473051036,0.04001062202936037,True,1,0.45254349270115
286,286,ks08,1,,"Mary likes to tour art galleries, but Bill hates to.",0.49255411473051036,0.04167766222852292,True,1,0.45087645250198743
287,287,ks08,1,,They needn't take this exam.,0.49255411473051036,0.0393175694642392,True,1,0.45323654526627116
288,288,ks08,1,,Ann may spend her vacation in Italy.,0.49255411473051036,0.018789598846900304,True,1,0.47376451588361007
289,289,ks08,1,,"They love to play golf, but I do not.",0.49255411473051036,0.04150507466266349,True,1,0.45104904006784685
290,290,ks08,1,,"George has spent a lot of money, hasn't he?",0.49255411473051036,0.06848409000585698,True,1,0.4240700247246534
291,291,ks08,1,,"As a statesman, scarcely could he do anything worth mentioning.",0.49255411473051036,0.04760141765411051,True,1,0.44495269707639984
292,292,ks08,1,,We never found any of the unicorns.,0.49255411473051036,0.05830059265772588,True,1,0.4342535220727845
293,293,ks08,1,,One of Korea's most famous poets wrote these lines.,0.49255411473051036,0.027575988188814984,True,1,0.4649781265416954
294,294,ks08,1,,Somebody apparently struck the unidentified victim during the early morning hours.,0.49255411473051036,0.025402571741202876,True,1,0.4671515429893075
295,295,ks08,1,,The car was driven.,0.49255411473051036,0.026143959305538127,True,1,0.4664101554249722
296,296,ks08,1,,Ricky can be relied on.,0.49255411473051036,0.036629122227679944,True,1,0.4559249925028304
297,297,ks08,1,,The bed was slept in.,0.49255411473051036,1.4182218875198749,False,0,-0.9256677727893645
298,298,ks08,0,*,A pound was weighed by the book.,1.7896893929047437,0.7794302223309387,True,0,1.0102591705738049
299,299,ks08,1,,Who do you think Tom saw?,0.49255411473051036,0.027130089875919677,True,1,0.46542402485459067
300,300,ks08,1,,he had spent five thousand dollars.,0.49255411473051036,0.0722357796441098,True,1,0.4203183350864006
301,301,ks08,0,*,Fed knows which politician her to vote for.,1.7896893929047437,0.7744884849498714,True,0,1.0152009079548723
302,302,ks08,1,,How did you guess that he fixed the computer?,0.49255411473051036,0.03614938016635801,True,1,0.45640473456415237
303,303,ks08,1,,The committee knows whose efforts to achieve peace the world should honor.,0.49255411473051036,0.04841183809926217,True,1,0.44414227663124817
304,304,ks08,0,*,Which house does your friend live?,1.7896893929047437,5.497643079896965,False,1,-3.707953686992221
305,305,ks08,1,,the baker from whom I bought these bagels left.,0.49255411473051036,0.07724911421852919,True,1,0.41530500051198116
306,306,ks08,1,,I found the place where we can relax.,0.49255411473051036,0.034415614302352786,True,1,0.45813850042815757
307,307,ks08,0,*,Jack is the person with whom Jenny fell in love with.,1.7896893929047437,5.53032067599076,False,1,-3.7406312830860164
308,308,ks08,1,,There is a bench to sit on.,0.49255411473051036,0.03275174954409826,True,1,0.4598023651864121
309,309,ks08,1,,I met the man who grows peaches.,0.49255411473051036,0.029283734750538772,True,1,0.4632703799799716
310,310,ks08,1,,Which topic did you choose without getting his approval?,0.49255411473051036,0.037228671272922106,True,1,0.45532544345758824
311,311,ks08,0,*,Which topic did you get bored because Mary talked about?,1.7896893929047437,2.8791026116390848,False,1,-1.089413218734341
312,312,ks08,1,,That is the reason why he resigned.,0.49255411473051036,0.03432684517589085,True,1,0.4582272695546195
313,313,ks08,1,,It bothers me that John coughs.,0.49255411473051036,0.03184405206870667,True,1,0.4607100626618037
314,314,ks08,1,,To please John is easy.,0.49255411473051036,0.03378686260810992,True,1,0.45876725212240044
315,315,ks08,1,,Kim is eager to please Tom.,0.49255411473051036,0.02562339868754311,True,1,0.46693071604296726
316,316,ks08,1,,That we invaded Iraq really bites.,0.49255411473051036,0.05242111271614347,True,1,0.4401330020143669
317,317,ks08,1,,It annoys me that Fido barks.,0.49255411473051036,0.0235779079584871,True,1,0.4689762067720233
318,318,ks08,0,*,Who achieved the best result was Angela.,1.7896893929047437,4.774632057143354,False,1,-2.98494266423861
319,319,ks08,1,,It was the peasant girl who got it.,0.49255411473051036,0.057546347041389216,True,1,0.43500776768912114
320,320,ks08,1,,That kind of person is hard to find anyone to look after.,0.49255411473051036,0.520476524584784,True,1,-0.027922409854273633
321,321,kl93,1,,A sick owl doesn't hunt mice.,0.49255411473051036,0.066225614083901,True,1,0.4263285006466094
322,322,kl93,1,,Each candidate who has interest in semantics will be admitted to the department.,0.49255411473051036,0.036306425214732194,True,1,0.45624768951577815
323,323,kl93,1,,Each author whose contribution is written in any language other than English will provide a summary in English.,0.49255411473051036,0.06383655842634046,True,1,0.4287175563041699
324,324,kl93,1,,I'm sure we even got these tickets!,0.49255411473051036,0.0492793927776147,True,1,0.44327472195289563
325,325,kl93,1,,I'm even sure we got these tickets!,0.49255411473051036,0.06695261492239567,True,1,0.4256014998081147
326,326,kl93,1,,It's not because I have any sympathy for urban guerillas that I helped him.,0.49255411473051036,0.41738352926795247,True,1,0.07517058546255789
327,327,kl93,1,,It isn't because Sue said anything bad about me that I'm angry.,0.49255411473051036,0.41375416242247054,True,1,0.07879995230803982
328,328,b_82,0,*,"That he was hungry, John whined.",1.7896893929047437,1.6496129878898116,False,1,0.14007640501493213
329,329,b_82,0,*,I gave Mary after the party a book.,1.7896893929047437,0.12301521939239075,True,0,1.666674173512353
330,330,b_82,0,*,"Because she's so pleasant, as for Mary I really like her.",1.7896893929047437,1.9085168338723575,False,1,-0.11882744096761377
331,331,b_82,1,,"Though he may hate those that criticize Carter, it doesn't matter.",0.49255411473051036,0.0533988728083899,True,1,0.43915524192212047
332,332,b_82,1,,With no job would John be happy.,0.49255411473051036,0.10170990648763836,True,1,0.390844208242872
333,333,b_73,1,,I have much of the manuscript left to type.,0.49255411473051036,0.07220929077527541,True,1,0.420344823955235
334,334,b_73,1,,He's a more reliable man.,0.49255411473051036,0.1100281252897912,True,1,0.38252598944071914
335,335,b_73,0,*,Any trouble is what I don't want.,1.7896893929047437,2.2795169113240954,False,1,-0.4898275184193517
336,336,b_73,1,,They may grow as high as bamboo.,0.49255411473051036,0.06144265859575615,True,1,0.4311114561347542
337,337,b_73,1,,Some of them made as many errors as 20.,0.49255411473051036,0.08368278203747921,True,1,0.40887133269303116
338,338,c_13,0,*,Sally kissed himself.,1.7896893929047437,0.5281949411586078,True,0,1.261494451746136
339,339,c_13,1,,Drew believes I think Rosie loves magazine ads.,0.49255411473051036,0.10948187934723273,True,1,0.3830722353832776
340,340,c_13,1,,"Dave, Dan, Erin, Jaime, and Alina left.",0.49255411473051036,0.04806924745289982,True,1,0.44448486727761055
341,341,c_13,1,,"Hopefully, we'll make it through the winter without snow.",0.49255411473051036,0.024645907229366805,True,1,0.46790820750114354
342,342,c_13,0,*,Blue leather shows herself that Betsy is pretty.,1.7896893929047437,0.0568798849103084,True,0,1.7328095079944352
343,343,c_13,1,,Gwen hit the baseball.,0.49255411473051036,0.02792689698010333,True,1,0.46462721775040705
344,344,c_13,0,*,I hit that you knew the answer.,1.7896893929047437,0.0585118270378589,True,0,1.7311775658668849
345,345,c_13,1,,I've lost my wallet or I've lost my mind.,0.49255411473051036,0.068246056273122,True,1,0.4243080584573884
346,346,c_13,1,,It was a brand new car that he bought.,0.49255411473051036,0.03203359951766582,True,1,0.46052051521284454
347,347,c_13,1,,He likes cookies and he hates crumb cake.,0.49255411473051036,0.04525203037200139,True,1,0.447302084358509
348,348,c_13,1,,They chased the man with the car.,0.49255411473051036,0.046852743465154445,True,1,0.4457013712653559
349,349,c_13,1,,I didn't have a red cent.,0.49255411473051036,0.05926819046632523,True,1,0.4332859242641851
350,350,c_13,0,*,the book of poems and from Blackwell takes a very long time to read.,1.7896893929047437,1.08004231082531,False,1,0.7096470820794336
351,351,c_13,1,,the one with a red cover takes a very long time to read.,0.49255411473051036,0.08866251043392695,True,1,0.40389160429658344
352,352,c_13,1,,John has a fear of dogs.,0.49255411473051036,0.023948129289533618,True,1,0.46860598544097676
353,353,c_13,0,*,The building's the roof is leaking.,1.7896893929047437,0.0800463103009689,True,0,1.7096430826037747
354,354,c_13,0,*,the panther's the coat is dark black.,1.7896893929047437,0.273560108516662,True,0,1.5161292843880818
355,355,c_13,1,,Colin asked if they could get a mortgage.,0.49255411473051036,0.029014265520021197,True,1,0.4635398492104892
356,356,c_13,1,,The man I saw get into the cab robbed the bank.,0.49255411473051036,0.047517076873674555,True,1,0.4450370378568358
357,357,c_13,1,,I know you eat asparagus.,0.49255411473051036,0.02533850936879548,True,1,0.46721560536171486
358,358,c_13,1,,John's drum will always bother me.,0.49255411473051036,0.03524809060157149,True,1,0.4573060241289389
359,359,c_13,1,,An evil thought struck Dave.,0.49255411473051036,0.019086006763109786,True,1,0.4734681079674006
360,360,c_13,1,,In the classroom John put the book on the table.,0.49255411473051036,0.02577711349392113,True,1,0.4667770012365892
361,361,c_13,1,,Phillip gave the medal to the soldier.,0.49255411473051036,0.03385684731765176,True,1,0.4586972674128586
362,362,c_13,0,*,Heidi thinks that Andy to eat salmon flavored candy bars.,1.7896893929047437,0.0864059382643486,True,0,1.7032834546403952
363,363,c_13,1,,Heidi thinks that Andy should eat salmon flavored candy bars.,0.49255411473051036,0.10033735997486794,True,1,0.39221675475564244
364,364,c_13,1,,He danced.,0.49255411473051036,0.03474061931449995,True,1,0.4578134954160104
365,365,c_13,0,*,Did Calvin his homework?,1.7896893929047437,0.3567705685767619,True,0,1.4329188243279818
366,366,c_13,1,,Sylvia was slapping Jeff upside the head in martial arts class.,0.49255411473051036,0.020974618956542523,True,1,0.47157949577396785
367,367,c_13,0,*,"If I am a rich man, I'd buy a diamond ring.",1.7896893929047437,5.389137809796358,False,1,-3.5994484168916143
368,368,c_13,1,,"If he were a rich man, he'd buy a diamond ring.",0.49255411473051036,0.03028799690759258,True,1,0.46226611782291777
369,369,c_13,1,,John is likely to leave.,0.49255411473051036,0.021639971255408837,True,1,0.4709141434751015
370,370,c_13,1,,The manager laughed.,0.49255411473051036,0.03599464446729018,True,1,0.4565594702632202
371,371,c_13,0,*,Was sunk.,1.7896893929047437,0.46537022843511977,True,0,1.324319164469624
372,372,c_13,1,,Who did you think kissed the gorilla?,0.49255411473051036,0.03729661706124052,True,1,0.4552574976692698
373,373,c_13,1,,Have you seen my model airplane collection?,0.49255411473051036,0.022852077858317398,True,1,0.469702036872193
374,374,c_13,1,,It seems that Lucy was mugged.,0.49255411473051036,0.025982413080462757,True,1,0.4665717016500476
375,375,c_13,1,,I ate a salad that was filled with lima beans.,0.49255411473051036,0.025826137605630968,True,1,0.4667279771248794
376,376,c_13,1,,There were four men arriving at the station when I pulled up.,0.49255411473051036,0.032853353631432686,True,1,0.45970076109907765
377,377,c_13,1,,Jean is reluctant to dance.,0.49255411473051036,0.020523603641661513,True,1,0.47203051108884886
378,378,c_13,1,,I want her to dance.,0.49255411473051036,0.02270758460796958,True,1,0.4698465301225408
379,379,c_13,1,,Jean persuaded Robert.,0.49255411473051036,0.03758237736470543,True,1,0.45497173736580493
380,380,c_13,1,,Jean wants Bill to do the Macarena.,0.49255411473051036,0.024516015737995688,True,1,0.4680380989925147
381,381,c_13,1,,The children admire their mother.,0.49255411473051036,0.04433581573071001,True,1,0.44821829899980037
382,382,c_13,1,,Who has Peter talked with?,0.49255411473051036,0.03198313315390319,True,1,0.46057098157660714
383,383,c_13,1,,Heidi likes her violin.,0.49255411473051036,1.1383794650770216,False,0,-0.6458253503465112
384,384,c_13,0,*,John thinks that Mary loves himself.,1.7896893929047437,0.7533794223626128,True,0,1.0363099705421308
385,385,c_13,1,,Which pictures of himself does John like?,0.49255411473051036,0.04484463375326496,True,1,0.4477094809772454
386,386,d_98,1,,Any owl hunts mice.,0.49255411473051036,0.6158064782178249,True,1,-0.1232523634873145
387,387,d_98,0,*,Any man didn't eat dinner.,1.7896893929047437,1.7070548133344867,False,1,0.082634579570257
388,388,d_98,1,,A pilot could be flying this plane.,0.49255411473051036,0.030991133019386923,True,1,0.4615629817111234
389,389,d_98,1,,"Everybody who attended last week's huge rally, whoever they were, signed the petition.",0.49255411473051036,0.0728287874980502,True,1,0.41972532723246014
390,390,d_98,1,,Anybody who attended last week's huge rally signed the petition.,0.49255411473051036,0.053765045485958916,True,1,0.43878906924455147
391,391,d_98,1,,"Any tiger has orange fur, marked with black stripes.",0.49255411473051036,0.21201626085576045,True,1,0.28053785387474994
392,392,d_98,1,,"Any albino tiger has orange fur, marked with black stripes.",0.49255411473051036,0.22474811241574572,True,1,0.26780600231476465
393,393,d_98,1,,You must pick any flower you see.,0.49255411473051036,0.0704779919719538,True,1,0.42207612275855655
394,394,d_98,1,,Any pilot on duty today could be flying this plane.,0.49255411473051036,0.05173722624280607,True,1,0.4408168884877043
395,395,d_98,0,*,"You may pick every flower, but leave a few for Mary.",1.7896893929047437,5.124565506925511,False,1,-3.3348761140207674
396,396,g_81,1,,The Dodgers beat the Red Sox and were beaten by the Giants.,0.49255411473051036,0.027140341885861896,True,1,0.46541377284464847
397,397,g_81,1,,In which car was the man seen?,0.49255411473051036,0.03011097128882002,True,1,0.46244314344169035
398,398,g_81,1,,The man who Mary loves and Sally hates computed my tax.,0.49255411473051036,1.4325331252689084,False,0,-0.939979010538398
399,399,g_81,0,*,The kennel which Mary made and Fido sleeps has been stolen.,1.7896893929047437,1.6425555179082674,False,1,0.14713387499647634
400,400,g_81,1,,Tom said he would and Bill actually did eat a raw eggplant.,0.49255411473051036,0.09583011961860376,True,1,0.3967239951119066
401,401,m_02,1,,The wealthy young man bought that piano for his secret fiancée.,0.49255411473051036,0.0283216508374154,True,1,0.46423246389309497
402,402,m_02,1,,The dog stole the turkey.,0.49255411473051036,0.04913970196456954,True,1,0.44341441276594085
403,403,m_02,1,,a tall building.,0.49255411473051036,0.2130434467206447,True,1,0.2795106680098657
404,404,m_02,1,,This building is tall.,0.49255411473051036,0.10499050756499485,True,1,0.3875636071655155
405,405,m_02,1,,I like the book which you gave me.,0.49255411473051036,0.03879877137431453,True,1,0.45375534335619583
406,406,m_02,1,,Captain Wentworth wrote a letter to Anne Elliott.,0.49255411473051036,0.023295432231436868,True,1,0.4692586824990735
407,407,m_02,1,,She asked was Alison coming to the party.,0.49255411473051036,3.028678793583006,False,0,-2.536124678852496
408,408,m_02,1,,They realised that never had Sir Thomas been so offended.,0.49255411473051036,1.0263280302225075,False,0,-0.5337739154919972
409,409,m_02,1,,Fanny regretted having to talk to Aunt Norris.,0.49255411473051036,0.04642677859583498,True,1,0.44612733613467537
410,410,m_02,1,,"Knowing the country well, he took a short cut.",0.49255411473051036,0.04084606863129476,True,1,0.4517080460992156
411,411,m_02,1,,He left the train with somebody else's wallet in his pocket.,0.49255411473051036,0.07781950062802061,True,1,0.41473461410248974
412,412,m_02,1,,Magnus went to Ireland.,0.49255411473051036,0.021526933980777412,True,1,0.47102718074973293
413,413,m_02,1,,Who did John send the book?,0.49255411473051036,0.04097699645731417,True,1,0.4515771182731962
414,414,m_02,1,,The idea dismayed the Prime Minister that the Dome was dull.,0.49255411473051036,0.05346258713642554,True,1,0.4390915275940848
415,415,m_02,1,,Came right in he did without so much as a knock.,0.49255411473051036,1.3744113181627493,False,0,-0.881857203432239
416,416,m_02,1,,Harriet admired Mr Knightley.,0.49255411473051036,0.028106723692022387,True,1,0.464447391038488
417,417,m_02,1,,The book is boring.,0.49255411473051036,0.04478005704813264,True,1,0.4477740576823777
418,418,m_02,1,,Ethel wishes to ask you some awkward questions.,0.49255411473051036,0.02127941764511611,True,1,0.47127469708539427
419,419,m_02,1,,Emma made Harriet some food.,0.49255411473051036,0.02842180326664563,True,1,0.46413231146386474
420,420,m_02,1,,The window was broken with a hammer.,0.49255411473051036,0.029616099729030843,True,1,0.4629380150014795
421,421,m_02,1,,The fugitive lay motionless in order to avoid discovery.,0.49255411473051036,0.027302017829690297,True,1,0.4652520969008201
422,422,m_02,1,,The guard marched the prisoners round the yard.,0.49255411473051036,0.025628563099091235,True,1,0.46692555163141913
423,423,m_02,1,,Frank Churchill crossed the street.,0.49255411473051036,0.024258104271097255,True,1,0.4682960104594131
424,424,m_02,1,,Emma and Harriet were attacked yesterday.,0.49255411473051036,0.019472073102087945,True,1,0.47308204162842243
425,425,m_02,1,,Fiona might be here by 5 o'clock.,0.49255411473051036,0.02761367852152212,True,1,0.46494043620898823
426,426,sgww85,1,,I am both expecting to get the job and of the opinion that it is a desirable one.,0.49255411473051036,0.1737456739414954,True,1,0.31880844078901494
427,427,sgww85,1,,Pat was awarded the Golden Fleece Award and very upset about it.,0.49255411473051036,0.2108219027179686,True,1,0.2817322120125417
428,428,sgww85,0,*,Kim alienated cats and beating his dog.,1.7896893929047437,0.5488744299603872,True,0,1.2408149629443566
429,429,sgww85,1,,They knew that pictures of each other would be on sale.,0.49255411473051036,0.02709915903953583,True,1,0.4654549556909745
430,430,sgww85,0,*,Which article did Terry file papers without reading?,1.7896893929047437,1.0715136122814362,False,1,0.7181757806233076
431,431,sgww85,1,,I want to try and buy some whiskey.,0.49255411473051036,0.042746040354037576,True,1,0.4498080743764728
432,432,sgww85,0,*,She goes and buying some whiskey.,1.7896893929047437,0.06837769128644271,True,0,1.721311701618301
433,433,sgww85,0,*,Kim and Terry is happy.,1.7896893929047437,0.0764499907977973,True,0,1.7132394021069464
434,434,sgww85,1,,Kim gave a dollar to Bobbie and a dime to Jean.,0.49255411473051036,0.08033011958562253,True,1,0.41222399514488783
435,435,sks13,1,,This girl in the red coat will put a picture of Bill in the mailbox and on your desk before tomorrow.,0.49255411473051036,0.03761168026181299,True,1,0.45494243446869737
436,436,sks13,0,*,"Put a picture of Bill on your desk before tomorrow, this girl in the red coat will put a picture of Bill on your desk before tomorrow.",1.7896893929047437,4.215837954106616,False,1,-2.426148561201873
437,437,sks13,0,*,"Picture of Bill, this girl in the red coat will put a picture of Bill on your desk before tomorrow.",1.7896893929047437,1.4178670938482574,False,1,0.37182229905648634
438,438,sks13,1,,Ann bought a first edition of Richard III for $1000.,0.49255411473051036,0.0263136679932078,True,1,0.4662404467373026
439,439,sks13,1,,John became deadly afraid of flying.,0.49255411473051036,0.09230942535002416,True,1,0.4002446893804862
440,440,sks13,1,,What John promised is to be gentle.,0.49255411473051036,0.030195003063260374,True,1,0.46235911166724997
441,441,sks13,1,,Henri wants to buy which books about cooking?,0.49255411473051036,0.029673505607353604,True,1,0.46288060912315676
442,442,sks13,1,,I will fix the computer for Carol.,0.49255411473051036,0.027514108057056,True,1,0.46504000667345435
443,443,sks13,1,,Smith loaned a valuable collection of manuscripts to the library.,0.49255411473051036,0.02664771440656787,True,1,0.4659064003239425
444,444,sks13,1,,The paper is cut by Mary.,0.49255411473051036,0.2673687159574664,True,1,0.22518539877304394
445,445,sks13,1,,It was from six to nine or it took place from six to nine.,0.49255411473051036,0.40427619209531807,True,1,0.0882779226351923
446,446,sks13,1,,"Suddenly, there arrived two inspectors from the INS.",0.49255411473051036,0.2038049906773312,True,1,0.28874912405317915
447,447,sks13,1,,"The soup cooks, thickens.",0.49255411473051036,0.13023278660375656,True,1,0.36232132812675377
448,448,sks13,1,,I gave money to the charity.,0.49255411473051036,0.030064259817161782,True,1,0.4624898549133486
449,449,sks13,1,,John asked.,0.49255411473051036,0.10247772585629382,True,1,0.39007638887421653
450,450,sks13,1,,I saw even the student.,0.49255411473051036,1.2705791315533528,False,0,-0.7780250168228424
451,451,sks13,0,*,John whispered Mary left.,1.7896893929047437,0.29976889866746254,True,0,1.4899204942372812
452,452,sks13,0,*,Mary wonders that Bill will come.,1.7896893929047437,0.46744336343664983,True,0,1.322246029468094
453,453,sks13,0,*,Sophie will theater.,1.7896893929047437,0.10810081016613766,True,0,1.6815885827386061
454,454,sks13,1,,John finished the cake and drank the lemonade.,0.49255411473051036,0.03644673089818436,True,1,0.456107383832326
455,455,sks13,0,*,Herself likes Mary's mother.,1.7896893929047437,0.047454246641386956,True,0,1.7422351462633567
456,456,sks13,1,,Each of the boys fought with some of the other boys.,0.49255411473051036,0.05047550397436152,True,1,0.44207861075614885
457,457,sks13,0,*,John's mother likes himself.,1.7896893929047437,0.1710856631614851,True,0,1.6186037297432585
458,458,sks13,0,*,Mary revealed himself to John.,1.7896893929047437,2.5229200285363955,False,1,-0.7332306356316518
459,459,sks13,1,,Mary believes that Bill saw himself.,0.49255411473051036,0.6656436410716245,True,1,-0.17308952634111419
460,460,sks13,0,*,John heard that they criticized themselves.,1.7896893929047437,1.086767070506892,False,1,0.7029223223978518
461,461,sks13,1,,Mary thinks that she is smart.,0.49255411473051036,0.02301502140507727,True,1,0.4695390933254331
462,462,sks13,1,,Henry found that Bill is sad.,0.49255411473051036,0.09539780796747022,True,1,0.39715630676304015
463,463,sks13,1,,John considers himself proud of Mary.,0.49255411473051036,0.036501146013838665,True,1,0.45605296871667167
464,464,sks13,0,*,You should sit before there.,1.7896893929047437,0.06375701529931091,True,0,1.7259323776054327
465,465,sks13,1,,There is a nurse available.,0.49255411473051036,0.04236697927307055,True,1,0.4501871354574398
466,466,sks13,0,*,Everyone hopes everyone to sleep.,1.7896893929047437,4.628645417389162,False,1,-2.8389560244844185
467,467,sks13,1,,Everyone hopes that he will sleep.,0.49255411473051036,0.029396679350678367,True,1,0.463157435379832
468,468,sks13,0,*,"Only Churchill remembered Churchill giving the Blood, Sweat and Tears speech.",1.7896893929047437,4.020761219669081,False,1,-2.231071826764338
469,469,sks13,1,,John promise Mary to shave himself.,0.49255411473051036,1.7783970967485772,False,0,-1.2858429820180668
470,470,sks13,1,,John convinced Bill that Mary should sleep.,0.49255411473051036,0.034676581369965334,True,1,0.45787753336054504
471,471,sks13,0,*,I saw Bill while you did so Mary.,1.7896893929047437,0.7943997242562912,True,0,0.9952896686484525
472,472,sks13,0,*,What Mary did Bill was give a book.,1.7896893929047437,0.3837147847975232,True,0,1.4059746081072206
473,473,ad03,1,,The bears sniffed,0.49255411473051036,0.06074345141094637,True,1,0.43181066331956397
474,474,ad03,1,,to steal talismans from witches is dangerous,0.49255411473051036,0.03565119933594654,True,1,0.45690291539456385
475,475,ad03,0,*,Anson demonized,1.7896893929047437,0.14134347287065735,True,0,1.6483459200340864
476,476,ad03,1,,You kicked yourselves,0.49255411473051036,0.1656565535997324,True,1,0.32689756113077795
477,477,ad03,1,,The book that I said that I'd never read.,0.49255411473051036,0.15988028729387838,True,1,0.332673827436632
478,478,ad03,0,*,Anson demonized up the Khyber,1.7896893929047437,0.2916587978517643,True,0,1.4980305950529793
479,479,ad03,1,,It is not true that I might be going to the party.,0.49255411473051036,0.03501283432079848,True,1,0.45754128040971187
480,480,ad03,0,*,Kick you!,1.7896893929047437,4.292681104191667,False,1,-2.5029917112869233
481,481,ad03,1,,Jason persuaded the doctor to treat Medea,0.49255411473051036,0.03067610674881955,True,1,0.4618780079816908
482,482,ad03,1,,Who did you get an accurate description of?,0.49255411473051036,0.05968998779964527,True,1,0.43286412693086507
483,483,ad03,1,,The Peter we all like was at the party,0.49255411473051036,0.0697854039477296,True,1,0.4227687107827808
484,484,ad03,1,,The government's imposition of a fine.,0.49255411473051036,0.2629159834408433,True,1,0.22963813128966704
485,485,ad03,1,,Did Athena help us?,0.49255411473051036,0.027446358492005652,True,1,0.4651077562385047
486,486,ad03,1,,You wanted to meet the man I saw.,0.49255411473051036,0.03525487571515222,True,1,0.4572992390153581
487,487,ad03,1,,Anson demonized David every day,0.49255411473051036,0.04912172998849831,True,1,0.4434323847420121
488,488,ad03,1,,There is a programme about Euripides on a Radio 4 tonight?,0.49255411473051036,0.04741772282766259,True,1,0.44513639190284776
489,489,ad03,1,,Medea denied poisoning the phoenix.,0.49255411473051036,0.04112058840306392,True,1,0.45143352632744643
490,490,ad03,1,,The elixir was hidden in a hole in the ground,0.49255411473051036,0.02817090910676799,True,1,0.46438320562374236
491,491,ad03,1,,"Extremely frantically, Anson danced at Trade",0.49255411473051036,0.333186338087793,True,1,0.15936777664271734
492,492,ad03,0,*,What did you ask who Medea gave?,1.7896893929047437,0.5701852870244523,True,0,1.2195041058802913
493,493,ad03,1,,It's Anson that I like,0.49255411473051036,0.12325506490215642,True,1,0.36929904982835393
494,494,ad03,0,*,Medea tried the nurse to poison her children.,1.7896893929047437,0.05205207151992469,True,0,1.737637321384819
495,495,ad03,1,,I felt that I know you.,0.49255411473051036,0.03701453061417985,True,1,0.4555395841163305
496,496,ad03,1,,Will he can do it?,0.49255411473051036,2.3709391509082858,False,0,-1.8783850361777754
497,497,ad03,0,*,I ate that she was happy,1.7896893929047437,0.10848289669431821,True,0,1.6812064962104256
498,498,ad03,1,,Anson believed himself to be handsome.,0.49255411473051036,0.02307539819093738,True,1,0.46947871653957296
499,499,ad03,1,,We arrived about six o'clock,0.49255411473051036,0.03025576890038926,True,1,0.4622983458301211
500,500,ad03,0,*,Gilgamesh is having fought the dragon.,1.7896895415581482,0.7121654755627196,True,0,1.0775240659954286
501,501,ad03,0,*,Anson thought that himself was happy.,1.7896895415581482,0.041462948730158315,True,0,1.7482265928279899
502,502,ad03,1,,Fortunately Hermione passed biology,0.4925539937464411,0.08065654201877719,True,1,0.4118974517276639
503,503,ad03,1,,I might be not going to the party but washing my hair,0.4925539937464411,0.18720976911010964,True,1,0.3053442246363315
504,504,ad03,0,*,I thought he liked myself,1.7896895415581482,0.12860391788558054,True,0,1.6610856236725677
505,505,ad03,1,,The butler sent the poison to Dinah.,0.4925539937464411,0.03645131685790748,True,1,0.4561026768885336
506,506,ad03,1,,Jason happens to appear to seem to be sick.,0.4925539937464411,0.7220826572898272,True,1,-0.22952866354338614
507,507,ad03,0,*,What did you ask who saw?,1.7896895415581482,1.374240219621377,False,1,0.4154493219367712
508,508,ad03,1,,We linguists love to argue,0.4925539937464411,0.03926128074451947,True,1,0.45329271300192164
509,509,ad03,0,*,He can will go,1.7896895415581482,0.1204084309786834,True,0,1.6692811105794647
510,510,ad03,0,*,How fierce the battle?,1.7896895415581482,4.776596576724944,False,1,-2.9869070351667957
511,511,ad03,0,*,Which king did you ask which city invaded?,1.7896895415581482,1.4071753908527567,False,1,0.3825141507053915
512,512,ad03,1,,It is some disgruntled old pigs in those ditches that humans love to eat.,0.4925539937464411,0.6623521036089206,True,1,-0.1697981098624795
513,513,ad03,1,,That banana is eating the monkey.,0.4925539937464411,0.08171451268632557,True,1,0.41083948106011553
514,514,ad03,1,,Burn them!,0.4925539937464411,0.047333215066329745,True,1,0.44522077868011134
515,515,ad03,1,,It stinks that Aphrodite is omnipotent.,0.4925539937464411,0.045062069157959225,True,1,0.44749192458848186
516,516,ad03,1,,Agamemnon seems to be a maniac,0.4925539937464411,0.05307409839667283,True,1,0.4394798953497683
517,517,ad03,1,,Will Anson come to the party?,0.4925539937464411,0.02242082496730598,True,1,0.47013316877913514
518,518,ad03,1,,I wondered who Medea had poisoned.,0.4925539937464411,0.03446704653339187,True,1,0.4580869472130492
519,519,ad03,0,*,I inquired when could we leave.,1.7896895415581482,5.1733657875868255,False,1,-3.3836762460286773
520,520,ad03,1,,They kicked them,0.4925539937464411,0.07383650122233532,True,1,0.4187174925241058
521,521,ad03,0,*,The monkey is ate the banana,1.7896895415581482,0.1440250761718879,True,0,1.6456644653862602
522,522,ad03,0,*,I would like to could swim,1.7896895415581482,0.2859303936375298,True,0,1.5037591479206185
523,523,ad03,1,,I kicked myself,0.4925539937464411,0.3114730642207734,True,1,0.18108092952566768
524,524,ad03,0,*,The bookcase ran,1.7896895415581482,1.6861469647751912,False,1,0.10354257678295697
525,525,ad03,1,,I shaved myself.,0.4925539937464411,2.853488656387812,False,0,-2.360934662641371
526,526,ad03,0,*,Anson became a muscle bound.,1.7896895415581482,4.216919035635788,False,1,-2.42722949407764
